0.663143391306272 0.391975593504556 1.19281491813616 2.37633641490128
0.76015908490342 1.01535891053674 1.27550922558825 1.39283886366883
0.251256432531661 1.47444761105009 -0.0198278952436419 -1.2463860002554
0.256552473495458 1.54624056077714 -0.00572613802282207 -1.24931217801301
-0.0981421785853876 -0.451472791248237 -0.465492967205383 -0.0927620150323729
0.1813586980692 1.51603378469904 -0.0547752022195631 -1.32691362793238
0.651833089425847 0.453832792046088 1.15345613122621 2.41435414641938
0.798408967184677 0.553861407670846 1.28441909371757 2.45171828503522
-0.129528981931846 1.17146317971878 0.154898182796028 -1.02342679952385
0.0332945453517986 1.41993393352973 -0.216470107790688 -1.3429511196501
0.830993557541168 0.550316316870396 1.31454549170219 2.47224947309455
0.424831616508995 0.718598337316195 0.0297650794323547 -0.593285849707404
0.243566763889438 1.51145794521259 0.00294293485458256 -1.26891550653058
0.98961709264074 0.717545616030592 1.41280364427859 2.42361437348422
-1.21957973322133 -2.24314101734092 -0.390895975055121 0.226981499691477
0.341487421287072 0.693170647748774 -0.0705917379092419 -0.623718894431706
1.11957382301948 0.33797456416937 1.04345504860032 0.496871425627134
-1.23765569674585 -0.627148673477768 -0.858699372402508 -1.1743878934649
0.00903905376666001 1.41418755805081 -0.229385640404601 -1.33848927225894
-0.129528981931846 1.17146317971878 0.154898182796028 -1.02342679952385
-1.45880634415054 -1.22186611367428 -1.28429213591841 -1.61682558069575
0.814363182853352 0.908098545822834 1.05864202170662 1.99479713499603
-0.947757074344778 -1.60324087700616 -0.727275053300995 -2.20370198326013
-1.23568412639055 -0.393256579467846 -0.999272661396502 -1.25936161499757
-1.57852454724719 -1.61376541740522 -1.1123101662518 -1.47185531613177
-1.61862819635387 1.40707303862169 -1.71868942936807 -2.21403666479536
-1.41805096070447 -0.872651954974059 -1.39053529299179 -0.881879476121182
0.228908797499032 1.35236105424705 0.449872404575464 1.9825233244729
1.62723968006448 1.13047556531029 1.38234729973675 0.262580395044833
0.754734062614947 -0.135857882564634 0.460076141071969 -0.981981393034176
-0.68662847890194 -1.30578819890935 -0.601568417755199 -2.17654239620595
0.600570046218793 -0.750149659020986 0.832089425329256 1.80663819868648
0.988106227976137 0.41344708902501 0.32005870408427 0.250875733801921
1.52843059748615 0.569130191313536 1.25369292053011 1.77358932446447
-1.70546899008197 1.568938467285 -1.77222839070737 -2.23096117790239
0.0509547534502233 -2.0420504023315 0.750418655739265 -0.138200594899191
-1.67798878756923 -1.57632987057509 -1.21776225770086 -1.48197378771982
0.244755336864035 1.31899825780531 0.464382347859285 2.03863105393298
0.289288957189582 -0.661250835271062 -0.00125949964208944 1.45431409991557
0.154582161127016 1.06187830815084 0.509920829266589 1.92386047776923
-1.70252752013095 -1.60252176539082 -1.15249699750244 -1.58418385790761
0.961001329954081 0.476099413262208 0.262464421114666 0.198404119538399
1.94682828688143 -0.12543088614963 2.27834395377193 2.46908832674828
-1.27247025117918 -0.870663835331869 -1.21368213223472 -0.877471192005299
-0.916262385934751 -1.20318305136281 -0.254334786285249 -1.28127849694667
1.06809013653239 1.07393279222033 0.190441797151151 0.0595627555334387
0.217212127376464 1.41972038564056 0.346238414591829 2.08515727943463
-0.147551288512262 0.946405851034635 0.282049197508397 -0.951181558273105
1.90091834294048 -0.0255404412375546 2.1938505185245 2.3293130864349
-1.23568412639055 -0.393256579467846 -0.999272661396502 -1.25936161499757
0.961001329954081 0.476099413262208 0.262464421114666 0.198404119538399
-1.64908831927648 -1.59095954088006 -1.1086350662095 -1.63234331843996
-0.0389067134998184 -1.8247616743287 0.595582449425173 -0.353242817697653
0.245226582014787 1.39742581760229 0.3783360128536 2.10962807489223
0.712791904981793 -0.146449221198342 0.390176941906981 -0.904643517986513
0.712791904981793 -0.146449221198342 0.390176941906981 -0.904643517986513
0.644905865279745 -0.343328880769469 0.770238222511078 -1.15635962475672
-0.887967618923624 -1.5010432152017 -0.665719904054361 -2.12286948402768
0.255917475277039 1.39820179631582 0.412114026771262 2.07563418935146
-0.97174361178738 -1.60935046703254 -0.713058961302016 -0.711602298675638
0.245226582014787 1.39742581760229 0.3783360128536 2.10962807489223
0.712791904981793 -0.146449221198342 0.390176941906981 -0.904643517986513
2.01926550598131 1.32489527110764 1.92916728919612 0.847325228256415
-1.64908831927648 -1.59095954088006 -1.1086350662095 -1.63234331843996
-0.887967618923624 -1.5010432152017 -0.665719904054361 -2.12286948402768
0.255917475277039 1.39820179631582 0.412114026771262 2.07563418935146
0.59709842215973 1.46700712715922 0.698594192909869 2.47699509521836
0.945779679193796 0.446253225334949 0.221929031443212 0.269043738251885
-0.981085665534283 -1.75105205253509 -0.585222161021197 -2.29868055922875
0.945779679193796 0.446253225334949 0.221929031443212 0.269043738251885
0.945779679193796 0.446253225334949 0.221929031443212 0.269043738251885
0.255917475277039 1.39820179631582 0.412114026771262 2.07563418935146
-0.870052708744218 -1.175261842505 -0.305083835050161 -1.18908179664395
0.0575367248952154 -2.16668948775156 0.795274490965905 -0.117884558901501
0.836047192470306 1.12220279340227 -0.0120592467398515 -0.000360036540282666
0.960723342707904 0.446598871211507 0.266458233454875 0.22268962955192
-1.01954879043915 1.08110913798309 -1.16892879233184 0.52444360754073
-0.870052708744218 -1.175261842505 -0.305083835050161 -1.18908179664395
-0.887967618923624 -1.5010432152017 -0.665719904054361 -2.12286948402768
-0.0820326098889241 0.663448330013847 0.171778707534468 0.993491662109274
0.149054339506396 1.1417769504993 0.454700145660174 1.92380132465948
0.712791904981793 -0.146449221198342 0.390176941906981 -0.904643517986513
0.245226582014787 1.39742581760229 0.3783360128536 2.10962807489223
0.960723342707904 0.446598871211507 0.266458233454875 0.22268962955192
0.960723342707904 0.446598871211507 0.266458233454875 0.22268962955192
-1.59663698514448 0.329888080002072 -1.47154319081637 -0.0456336667512025
-0.887967618923624 -1.5010432152017 -0.665719904054361 -2.12286948402768
0.960723342707904 0.446598871211507 0.266458233454875 0.22268962955192
0.960723342707904 0.446598871211507 0.266458233454875 0.22268962955192
-1.31608304139367 -0.994144707302025 -1.11433054053761 -1.03374624492528
-0.887967618923624 -1.5010432152017 -0.665719904054361 -2.12286948402768
-0.887967618923624 -1.5010432152017 -0.665719904054361 -2.12286948402768
-0.870052708744218 -1.175261842505 -0.305083835050161 -1.18908179664395
0.255917475277039 1.39820179631582 0.412114026771262 2.07563418935146
0.255917475277039 1.39820179631582 0.412114026771262 2.07563418935146
0.255917475277039 1.39820179631582 0.412114026771262 2.07563418935146
-0.887967618923624 -1.5010432152017 -0.665719904054361 -2.12286948402768
0.245226582014787 1.39742581760229 0.3783360128536 2.10962807489223
0.245226582014787 1.39742581760229 0.3783360128536 2.10962807489223
-0.887967618923624 -1.5010432152017 -0.665719904054361 -2.12286948402768
0.712791904981793 -0.146449221198342 0.390176941906981 -0.904643517986513
0.712791904981793 -0.146449221198342 0.390176941906981 -0.904643517986513
-1.65581305638026 -1.74255473476829 -1.10698042279971 -1.50373267101062
0.960723342707904 0.446598871211507 0.266458233454875 0.22268962955192
-1.84930088601959 1.43025495489834 -2.08847773989045 -1.98722479296596
-1.31608304139367 -0.994144707302025 -1.11433054053761 -1.03374624492528
-0.323634206202019 0.498607561603658 -0.979288581752641 -1.24069627170763
0.255917475277039 1.39820179631582 0.412114026771262 2.07563418935146
0.255917475277039 1.39820179631582 0.412114026771262 2.07563418935146
0.945779679193796 0.446253225334949 0.221929031443212 0.269043738251885
-1.65718108731976 -1.60138805301684 -1.12734448801377 -1.65074604955765
0.708210403113484 -0.148669557207427 0.371042532309018 -0.881293041913717
0.167524923989166 1.15304057460122 0.506214260081853 1.87289800589442
0.255917475277039 1.39820179631582 0.412114026771262 2.07563418935146
0.949036296783367 0.446249613447132 0.239740508792676 0.28823771185872
-1.46149456403665 -0.605418312829229 -1.11961685715316 -1.49343505134281
0.708210403113484 -0.148669557207427 0.371042532309018 -0.881293041913717
0.708210403113484 -0.148669557207427 0.371042532309018 -0.881293041913717
-0.299688443913283 0.216065247686251 -0.00104269021576954 0.802028157707467
0.582388395339371 1.58914375080931 0.681939977203908 2.42173712793726
-1.70083518447077 -1.54927399908357 -1.21974978366331 -1.67205340776035
0.999708958701352 0.559131837899118 0.348848943347252 0.308013832610722
-1.31763094775997 -1.13084492524059 -1.09627657448543 -1.08915144502062
-1.71657792117429 -1.70485452388944 -1.12114933321713 -1.76174119084192
-1.84996646610293 1.44788264162353 -2.03296133193885 -2.10067894387532
0.655262922548726 -0.948082382452676 0.592615037325844 -0.0455564795008596
0.35445125853678 1.47393119990473 0.486005686413918 2.0106600599906
-1.31763094775997 -1.13084492524059 -1.09627657448543 -1.08915144502062
-0.865630327191501 -1.4134788831859 -0.630835789518513 -1.52906843618245
0.679316860946891 0.763432470349176 -0.00347230546926172 0.38189628488823
-0.865630327191501 -1.4134788831859 -0.630835789518513 -1.52906843618245
0.604632763130662 -0.0754055458257286 0.155229900889887 -0.754129291931182
-0.262403505816969 0.794854051551418 -0.419716938257522 -2.87967589171697
0.404832134470304 1.43435851946294 0.511406507109075 2.1100671320225
0.671725472223285 -1.09744925607587 0.699988180806525 -0.190577570068468
0.551215795348273 0.0514727292476351 0.050236435595668 -0.799290541161148
0.385651334928912 1.40214386545356 0.527145803576006 2.05126530983237
0.728553219489256 1.13072804726171 0.190480638093532 1.58826455497428
0.66272505212982 -1.01128706501414 0.660614528102913 -0.220268401858106
0.90415198226819 0.925025954380548 0.186600506945444 -0.621433993828284
-1.02273770333591 -0.245436496280862 -1.3359447588437 -1.94868679654349
0.679316860946891 0.763432470349176 -0.00347230546926172 0.38189628488823
-0.951383833803187 -0.312911203547352 -1.28455740565595 -1.88705076119546
-1.89109272762886 -0.568433004743784 -1.80245107406874 -1.6650587810669
-0.851361717907873 -1.45025341049878 -0.622157392732687 -1.45862720363099
-0.782312554055527 -1.43662709094143 -0.543402185469771 -1.47079675619434
0.331957717783725 0.657816066913861 -0.476620996376244 -0.34438859037001
-0.422448251204967 0.913470280613973 -0.582157446863265 -3.20385023922924
-1.88322724654231 -0.544505326461736 -1.81197924067004 -1.65708731278679
-1.88322724654231 -0.544505326461736 -1.81197924067004 -1.65708731278679
0.0859134315360318 -2.1366275709398 0.77956816148866 -0.13668744933529
1.39653994068586 0.853439570291271 1.35530337820066 0.306744898668956
0.0615829618890955 -2.00212155837571 0.717965271495032 -0.244420499425401
0.607567733086788 -1.03724577720538 0.603737569043216 -0.157150438242465
-0.87272669086317 -1.45887792719957 -0.651422811939906 -1.4629888781192
1.29062735344508 0.566527932535738 1.4726978161622 0.917199074804364
0.607567733086788 -1.03724577720538 0.603737569043216 -0.157150438242465
0.962866875584948 0.324236127559492 0.467908344431156 0.142842972821116
-1.83216135829651 -0.411276031006455 -1.80923592540807 -1.58402695784905
-0.912285357238218 -1.49133818431621 -0.643791038365464 -1.49044103236508
-0.218179232193489 -1.69338424055977 0.984708905515976 -0.923671132387657
-0.794947182374209 -1.45682301542861 -0.475647893119384 -1.59326979692074
-2.06876580649292 -0.642194098132064 -1.73457841825907 -1.25272473065183
0.590879358480756 0.531311989516828 1.06398486371038 0.624218644858868
0.295970980684469 0.590575179917699 0.853210826711588 -0.360262682714815
0.954095604201162 -0.793711619174629 1.0808201182937 -0.267447853094367
1.03050077755328 -0.699587182585553 1.11594671125648 -0.395038282210029
-0.155718228333387 -0.0322766807577484 0.367146993083736 0.335911773265041
-0.348453591211038 0.884590724227902 -0.282352025610842 -1.57246975538859
0.644698850195669 1.08140833035344 1.06206544241196 2.00623932804332
-1.57408042184594 1.29478384283173 -1.75106112754462 -2.01313025035221
1.38590240702511 -0.481576157182857 0.725752343305935 0.269850445059101
0.41252450737037 1.1103742228927 0.876712828641234 1.85557767548804
1.00534886691651 0.603393517214801 1.52249664952531 1.04333230652314
1.15994080084645 1.53352308510903 1.50662550049918 2.14385229937568
1.15994080084645 1.53352308510903 1.50662550049918 2.14385229937568
-0.117342574370539 -0.945594559776811 0.0905844509931323 -0.911776414076643
1.11905030584662 1.54264593957105 1.46251567111733 2.09694224931111
1.12965054069086 1.49462063953634 1.50364514294011 2.06820153259854
1.16184767225383 1.52041492204862 1.52500269602486 2.0786854831569
1.40661805509261 0.809296699245749 1.54177226212055 -0.0986959406035701
-1.1133947241693 -0.785406422047277 -1.60583540952533 -1.4539066730192
1.12553556390347 1.47067484429561 1.51216355055624 2.1490557734451
1.12553556390347 1.47067484429561 1.51216355055624 2.1490557734451
1.35653672326439 1.57351494965203 1.74864622384275 2.38772162651103
-1.3242718403452 -0.963347272843932 -1.79564718162265 -1.67938260221288
0.994848854775268 0.595168354509969 1.49005190306663 1.11036076515892
-1.30561129237147 -1.04306384155182 -1.71332840221221 -1.65573572882065
-1.36080820951714 -0.943285108932968 -1.81319622249215 -1.65874660550194
-1.35071548218917 -0.930404065251452 -1.79401537099306 -1.71723785111169
-1.24143583989997 0.339614785483485 -0.616258196666658 -3.38341565409471
-1.3547501446438 -0.937219746444639 -1.80321778252964 -1.69207139428306
-0.255463386245882 0.734674370243395 -1.01563077822346 -1.33101594999157
-1.25778190956131 -1.0183620698192 -1.69596039538596 -1.62824827078068
-1.25778190956131 -1.0183620698192 -1.69596039538596 -1.62824827078068
-0.0127532603290742 1.11987512044054 -0.497978632535077 1.03510757784712
0.271732892580936 -0.988876716338143 0.987221320857641 -1.80071420382518
1.24388424645199 1.71450794991966 1.25220109620965 0.408194911266807
1.05927586785508 1.75979778802231 1.35470824054723 2.13240310796129
-1.25167747695277 -0.953202945047999 -1.70316567538761 -1.62134942774928
-1.14978538530382 0.282897048006494 -0.801429186339577 -0.930991890686789
-1.6090278441528 1.46791538884355 -1.80829465537104 -1.94107769158422
1.1213662082613 1.66326617638645 1.55475497926696 2.10893355451353
-1.12794835921734 -0.927144068072043 -1.62907020202905 -1.51586801318241
-0.0630809184503922 -0.819816648590462 -0.0330183422356443 -0.703186757793917
-0.0326782384598678 -0.847654376912783 0.0254450661609248 -0.725040838393333
1.21009745018565 1.53924776563786 1.67681351559112 2.24629118120488
0.439137083409094 0.863600705838293 0.150351886549094 1.25806694178171
-0.163574642906539 -0.751334723704463 -0.177917958452509 0.707298144757821
-1.93415243834619 -1.23720553997049 -1.73753821142394 -1.1563044689109
-1.02830706624979 -0.973117447925191 -1.49516299687581 -1.44150984093095
-1.08759759890347 -0.915506760492924 -1.60531007131835 -1.48632658250039
-1.05396541864744 -0.936349632647348 -1.54412832913459 -1.48508422540185
-1.41617526504476 -0.96161597855134 -1.04633869677823 -1.5721218859201
-1.0376199262691 -0.89034153691592 -1.50496719626845 -1.55875243847146
1.1305437552084 1.54560505263419 1.61607409492416 2.16388577446682
-0.138631401845859 -0.750076440221672 -0.143201067820692 -0.810591714322376
-0.15147557605661 -0.644188390443521 -0.147915506045037 -0.886684283063174
-2.20963031868791 -0.798771261196007 -2.06339012673124 -1.66634867525169
0.639946785206072 0.522314922738808 1.17785227291463 0.9481169489237
0.552843026950339 -0.989464378041429 0.687828120271102 -0.642784537294245
-0.146746743493346 -0.733128337781716 -0.0957792621306464 -0.864524594837376
-0.146746743493346 -0.733128337781716 -0.0957792621306464 -0.864524594837376
1.19784621890537 1.52521636709849 1.68515820334439 2.21650318470329
-1.17650516754956 -1.0022948912005 -1.65381502306996 -1.42085036336259
1.17347077509053 1.58162646191405 1.65243244602259 2.16910936412146
0.0366812748249725 1.51206964322923 -0.593348724788763 1.08308659830328
-0.178046476266569 -0.590973420559293 -0.237708674249155 -0.87140803750705
-1.18504390223621 -1.08542273776601 -1.65410433966196 -1.36525659525283
-0.0792045001245199 -1.30048107990075 0.0237384199386804 0.240609196754811
0.472176151002563 -0.02954493296451 -0.149674523880526 0.442025464211832
0.628105627337571 1.18530574692416 0.237867987637626 0.049724774913327
0.195757888407051 0.077638672532057 0.045971368374149 -0.0179014861986543
-1.41617526504476 -0.96161597855134 -1.04633869677823 -1.5721218859201
0.0152303495756452 1.64598310363861 -0.312391832058677 -2.70898689807316
2.68011623777952 0.153246677722552 2.84276820892253 2.9482617375368
-1.29378030781203 -1.01405266358677 -1.75957716561473 -1.45344651400785
-1.28042364618415 -1.06002651893559 -1.72549403201649 -1.44864841176135
0.473954433036265 -0.562518402653953 0.0639845055753388 -0.238742262259082
0.37180108231424 -0.842842471525879 0.55206006026189 1.62647708552215
0.37180108231424 -0.842842471525879 0.55206006026189 1.62647708552215
0.791318449355485 0.430933692412608 1.39090201445557 1.03537350626101
-1.23698143945169 -0.995688700196792 -1.72301183815517 -1.44086118228431
-1.23504008509302 -0.949817914769011 -1.70827179383259 -1.49636164864211
-0.912814189398746 -2.2327787210296 -0.591262000559838 -0.503148096813512
0.794604924873419 -1.20880595483863 0.500163138030458 2.39935004612239
-0.685332121277911 -0.979535198902292 0.329655048441899 -0.980477528064607
0.361463602585129 -0.513226506326448 0.314964067392312 -0.453783166467893
-0.0796721727148751 -0.727461398692402 -0.0579692684458541 -0.83771867944196
-0.135513066382894 0.547124290445166 -0.802642834149029 -1.15793313528289
-1.30139217437898 -0.93882716593192 -1.74597144934568 -1.58181943433743
1.38541330478791 0.896835946290893 1.39099496594935 -0.289578506196711
0.275045662804418 -0.0521890087740775 0.14839628257302 0.143978534869602
-0.375078072710519 -0.33481844994571 0.481423730580214 0.310670387632525
-2.04980369376756 -1.17602747986066 -1.81643226016902 -1.34029627955351
-1.30537601693273 -0.86070561193438 -1.74196737655624 -1.66086298069501
-1.36224323273197 1.15893643214138 -1.44776985501931 -1.7362196818096
0.547849835495248 -0.444634113641843 -0.149917273635429 -0.286987859224834
-0.489275607894545 -0.3984335498485 -0.581820073548041 -1.79794455896475
-1.32579828376568 -0.88585174707411 -1.76937331727656 -1.65722670117299
-1.32579828376568 -0.88585174707411 -1.76937331727656 -1.65722670117299
1.29994537608563 1.6035301523588 1.75699427016632 2.21342125692138
-1.29668367587334 -0.899412831343333 -1.77029765960189 -1.60568394698782
-1.2762645638484 -0.87429309012924 -1.74291699601896 -1.60929874236064
1.28852797466262 1.59779989134198 1.70768841412563 2.24379520314327
-1.03501467104009 0.144071754948873 -0.351242783268981 -2.92419622974882
1.64999843313871 2.05141127899582 0.921969364712509 0.21815182023584
-2.67514018570252 -0.790439266941686 -2.41541602318726 -2.26518096720474
-2.12096255168063 -1.16398645305736 -1.75280271048206 0.0318582479295936
-1.36224323273197 1.15893643214138 -1.44776985501931 -1.7362196818096
-0.109063857937485 -0.789642653604882 -0.0882883479692864 -0.770181444418558
0.0667540277928702 -0.816425045569786 0.0476191706030708 -0.545723844441835
-1.60844911391002 -0.703427622285464 -1.29941035686704 -1.7290943652111
-1.83449949467335 -1.00459456223718 -1.59221792426582 0.284679993957701
-1.01444809748421 0.279399604651737 -0.779660796929285 -0.76220947646708
-1.24608788649501 -0.911012247416825 -1.75043033152341 -1.58034984295832
0.501187532828352 -0.412804026658449 -0.204703761749149 -0.425949363445225
0.230898528319822 0.00286621474960824 -0.521958704417206 -0.887382321226341
-2.05834931401431 -1.15278698960201 -1.86567762355834 -1.32774617856888
-0.213456667127899 1.12753637741269 -0.611215362005883 0.711341638941511
0.309810309509649 -0.845130178117928 0.537315342990896 -0.967204076130855
-0.012058364271138 0.33381371120854 -0.722694867369697 -0.833616329892417
2.21417666015577 0.362690723311995 2.40024740633251 2.70440722904584
-1.29846558838864 -0.86868205124673 -1.77820940042269 -1.71560500374447
-1.21505842173547 -0.888242147962091 -1.73197601397291 -1.59321139794315
-1.27291096004203 -0.891778097476376 -1.74019179742058 -1.6769995039837
0.0401348809774473 0.00476682576193412 0.806486400210047 0.00903861269968846
1.94136899144874 1.41917805201049 1.01491224925672 0.907688896905978
-0.964419551665636 1.02552033763961 -1.04784726618003 -1.65336632590406
-0.127695575817215 -0.906275551425173 -0.0523252243940443 -0.678236592758804
1.37648848958106 1.67106180884798 1.83386273503657 2.15951951530289
-1.25279591165374 -0.943047912743431 -1.76233259946346 -1.5684119517177
-1.30589151088258 -0.942309119902044 -1.78737895840664 -1.58199359643838
-0.0424186263688407 -0.843503553408401 0.0297482318210988 -0.723077980718916
0.0339237344846053 -0.781463930001956 0.101492048227959 -0.638605618859098
1.06879786026295 1.10554180294258 1.22075084698442 1.67583753900707
0.540025065152775 -1.09519996973925 0.46544151436076 0.44029020985564
1.97423172418595 1.38876640132609 1.05539622889634 1.09308355122125
-1.32751051017631 -0.973986375223664 -1.89556195466312 -1.47572354743893
-0.265251239106191 -0.845068208901213 -0.104100078025528 -0.900308139105817
1.47446496230807 1.61510979010616 1.94426693371162 2.20304934869356
-1.83973899458597 1.09239546019329 -2.05125802520738 -1.62624224598451
-2.03198490293959 0.682380075149413 -2.20375533710766 -1.81111663359885
-0.553692188777021 1.1350768796196 -0.78102597279687 0.484738365171113
-1.83973899458597 1.09239546019329 -2.05125802520738 -1.62624224598451
-1.98983596907178 -1.35297282160481 -1.79570789776922 -1.11002749220431
-1.6801007947754 1.01508235151818 -1.87338610360599 -1.47595343236822
0.625842730741515 -0.352365490472646 -0.0636872445308968 -0.369507356752784
-0.118619837271387 -0.986626907481076 0.284740881761234 -1.07484142212061
-1.24904740697029 -0.943837873430656 -1.75185262214804 -1.59659035226266
-1.19913392045642 -0.908814907467086 -1.711670455158 -1.54992062075105
-1.57912953625131 1.03139759455831 -1.80498975379415 -1.6910051674046
-0.00783141448966014 0.234211332614334 0.0230418161144738 1.03847029307595
1.20400218134242 1.16879352710156 1.17369543415716 0.364741124465715
-1.95669807619807 -1.54075784759457 -1.83047983501289 -1.61438490537589
-1.57718853940555 -1.81486828626623 -1.56971031580632 -1.28212427284076
0.213557737087555 0.379267687661369 -0.218014687570881 1.08170486221685
2.70574021369934 -0.0308181960085857 2.99076616508396 2.99482797865053
0.830362134595835 1.56634276389616 1.1182878646304 1.11069311685749
-1.50091065768733 -1.51502584230673 -0.93620315384807 -1.29186709088441
2.29027397356455 -0.109679606636037 2.66223891540021 2.80044510595991
-0.75544063413613 -1.79896583586406 -0.593615755465742 -0.295941037886307
-0.776319012322697 0.837981424170123 -0.328634719305155 -1.46361489938314
0.214211192689448 -1.08363405053005 0.349418999145168 -0.330338634652553
-0.744365421397142 -1.7530900616363 -0.593199052540082 -0.310910024048981
-0.762024058653401 -1.83263827223809 -0.617408792878989 -0.246878120151108
-0.34259748105677 -0.812838914263364 -0.260337479979666 -0.703896106165342
1.23033166417614 -0.100205915864106 0.653084200081042 -0.238113680426117
-0.3689720019732 -0.929107848639038 -0.255176054036031 -0.652712697797301
-0.0605606573085515 1.54359330432518 -0.67309504363911 -1.13038442020717
-0.0191576689729552 -0.622911947921524 0.41484324779277 -1.56335455583573
-0.920380465963161 -1.85822446083323 -0.674797288299663 -0.400986304799279
-0.348350589720705 -1.00278466770299 -0.327837746257447 -0.370040871126366
-0.739237649628541 -1.82627297013359 -0.603292654938 -0.177550529622831
-0.799727681450031 -1.86312350106829 -0.625606118484645 -0.251533823433094
0.756844398592517 -0.644001382043463 0.864296529452917 -0.4894187072152
-0.796781337168376 -1.98237550052009 -0.596376419884318 -0.158482287662679
0.942751099612499 -0.938723121126474 1.1688387104883 -0.0569019931728386
-0.422296332557575 -1.02528246318213 -0.365061904006399 -0.443165438632963
-0.454283463942076 -1.18760581073208 -0.342718175424726 0.415658419763682
-0.416681637610691 -1.07245787175567 -0.251587213750132 -0.624161238096673
-0.0852484751750513 1.01753735324125 -0.56093552478181 0.382419086821197
-0.353007945802456 -1.21418193911572 -0.274752692437994 0.54052310052256
-0.503638385981377 -1.01893789213756 -0.379360499831338 -0.622558499914208
0.115694244134426 -1.17154865664965 0.284335187904871 -0.33787534578331
-0.811218255136979 -1.98549676254265 -0.637069811720299 -0.107554492707423
-0.855094964327698 -1.96174759389736 -0.669831106976161 -0.148949141205955
-0.544798914911007 -0.832222841696026 -0.451663799248728 -0.703531491290803
0.403709502646258 -0.0996795079872394 0.165356573792482 0.130431757024275
0.113570500776979 0.97436383819324 0.757349693634012 0.034214441618363
-0.235793520423641 0.220878172959815 0.375246758689793 -2.40084909905816
-0.260457409269171 0.202037205894859 0.345259483461339 -2.35493151707273
-0.260457409269171 0.202037205894859 0.345259483461339 -2.35493151707273
-1.42034351605969 -1.19894267425645 -1.23657415197375 -1.19137379779988
-0.870719434165176 -0.286173561037992 -0.649791041623694 -0.491738073286581
-1.25404192944578 1.99448302583981 -1.2931979333704 -1.46647585636213
1.05402494238331 0.303858784940485 0.586110688987992 0.343049172424344
-0.103596180476461 -1.13094524865484 0.541753627226744 0.111889444065775
0.406288969836515 -2.06276297136705 1.08350642947058 1.2729996351601
-0.474665840518563 0.300499456543203 -0.39615571062064 -0.598308421824571
0.52075316970845 -2.01851748222057 1.23885026422929 1.1633323061384
1.21299827519958 0.280973369744561 0.767235272668694 0.318634118840093
0.528360909741191 -0.876344255693371 0.898904097618331 0.177296404732894
0.566544231631661 -1.93984524540776 1.2352167972857 1.15259358195342
-0.343514129960946 0.657968778962148 -0.228033737726667 -0.856387430903421
0.65011411553761 -1.85249605375826 1.26561150875872 1.17776021859939
0.307740250622963 0.631925556925527 0.452558881736959 -0.708232865977838
-1.11602609172859 2.18410127563219 -1.45263944022774 -0.92337718219001
-0.580659960037489 0.223970449748868 -0.488356969165995 -0.236726662675364
1.04407366177768 -1.42827611909908 1.24451759086845 1.22305265397382
-0.368705928562313 0.532391843990145 -0.217261920835332 -0.855345543606648
0.0786405229382024 -0.152312807123633 0.372148181055337 0.280053088905283
1.02411683796487 -1.49351669995117 1.2983984126448 1.20665801290131
0.552649815976916 -0.814120404453714 0.814141465288851 0.265019301855664
0.477632979113417 -0.769343439779178 0.727650038296226 0.242550813857902
-0.175336116383461 0.54358373842848 -0.102267125648508 -0.749426813387825
-0.196627330110237 0.590087047056566 -0.131945876449078 -0.775530403381089
-0.186434807369898 0.61531059960659 -0.110701626438992 -0.767914497362694
0.526966200792636 -0.801574077702956 0.771983727859686 0.243743054026457
0.193475208997981 -0.183036748853504 0.308403463335109 0.121596891069642
0.501796173462053 -0.741825112154454 0.708061773551277 0.204618770262783
0.666177479464059 1.60030684783905 1.12105353652291 -0.689883951680184
0.643946385732142 -1.85149775271547 1.40117896209978 1.01407346538972
0.709653120892814 0.192956974715715 0.0233004061713388 0.437989705629575
0.643946385732142 -1.85149775271547 1.40117896209978 1.01407346538972
-0.990561460222958 1.02995460175476 -1.21489802405518 -0.855381811646552
0.95036490144138 -1.46069813038041 1.1820151023451 1.09624375351003
0.766959178470749 0.868738414361337 1.06476608349821 0.215000173590081
-0.341073915762662 0.55472700607751 -0.315240928975427 -0.81587201317055
-1.03911456816968 0.957984994797848 -1.28270827023792 -0.797019607426518
-1.0088886042946 1.00275563756585 -1.23258557163717 -0.894436764777269
-0.278924373021867 0.306735939556482 -0.163180276772734 -0.554935186202698
0.643946385732142 -1.85149775271547 1.40117896209978 1.01407346538972
0.643946385732142 -1.85149775271547 1.40117896209978 1.01407346538972
-0.243099470201621 0.273568256145974 -0.0788765560079883 -0.591517358882217
0.27154104917388 -1.17464211395604 0.943789479637699 0.335600076938522
-0.243099470201621 0.273568256145974 -0.0788765560079883 -0.591517358882217
0.643946385732142 -1.85149775271547 1.40117896209978 1.01407346538972
-0.243099470201621 0.273568256145974 -0.0788765560079883 -0.591517358882217
0.643946385732142 -1.85149775271547 1.40117896209978 1.01407346538972
-0.527956036451957 1.69019728753623 -0.579108939343742 -0.430564460112348
1.2695965267688 1.46665279514002 1.14633912997646 0.233808032066125
0.209187915852543 0.439788324576961 0.201724437411951 0.240346706890395
0.666867531077043 -1.83699373573523 1.4268710417352 1.06078750393801
-0.59261345142935 -0.71540495803992 -0.796323241940443 -0.519204016133181
0.70827569195889 -2.72179200982388 0.325613185369764 1.43102553484217
0.666867531077043 -1.83699373573523 1.4268710417352 1.06078750393801
-0.165125176230249 0.0218855813377051 -1.01449087933762 1.00415436563806
0.361212171468892 -1.15591641171249 1.06297215138586 0.366032643100196
-0.244208086318542 0.299123156905962 -0.0892449743855805 -0.597906951145643
0.333295795163071 -1.21460693126346 1.04466063582373 0.346378779607607
-0.331052673400532 -1.73665988169483 0.117007216873711 -0.499871318783889
0.450550495818266 0.329580771834636 -0.0477644739698777 0.327436826797792
0.369654345521793 0.277674307563301 0.469721806457485 -1.25222549442851
0.333295795163071 -1.21460693126346 1.04466063582373 0.346378779607607
-0.244208086318542 0.299123156905962 -0.0892449743855805 -0.597906951145643
0.643946385732142 -1.85149775271547 1.40117896209978 1.01407346538972
0.643946385732142 -1.85149775271547 1.40117896209978 1.01407346538972
-0.244208086318542 0.299123156905962 -0.0892449743855805 -0.597906951145643
0.643946385732142 -1.85149775271547 1.40117896209978 1.01407346538972
0.639927408577772 -1.79224974702903 1.39139561812066 0.928183408386876
0.347339728058492 -1.82701375504899 -0.504154812172504 1.132595469123
-0.634252949033148 -0.238833199825252 -0.804968046393993 -0.974016527440575
0.643946385732142 -1.85149775271547 1.40117896209978 1.01407346538972
0.639455779460404 -2.43754265714185 0.799781414527285 0.878959129543845
0.700610398889893 -0.263088713484861 1.12205315001203 -0.582522914024554
0.274226911177044 -1.29178545316621 1.02108914985747 0.301103226984584
0.610143708599175 -1.96934004649993 1.41405665666183 1.00691494717972
0.610143708599175 -1.96934004649993 1.41405665666183 1.00691494717972
-0.244208086318542 0.299123156905962 -0.0892449743855805 -0.597906951145643
0.76497685043684 -2.42274513233473 0.911513983798354 0.801541706289656
0.0122861976957547 1.05759203057629 0.457367714844055 -0.439359482471813
-0.244208086318542 0.299123156905962 -0.0892449743855805 -0.597906951145643
0.76497685043684 -2.42274513233473 0.911513983798354 0.801541706289656
-0.244208086318542 0.299123156905962 -0.0892449743855805 -0.597906951145643
-0.842315210137454 0.636294107027052 -0.870991270616182 -0.540611663063028
0.124978018971873 0.00972003253171046 0.0524324423811795 0.454963620947582
0.610143708599175 -1.96934004649993 1.41405665666183 1.00691494717972
0.610143708599175 -1.96934004649993 1.41405665666183 1.00691494717972
0.610143708599175 -1.96934004649993 1.41405665666183 1.00691494717972
-0.244208086318542 0.299123156905962 -0.0892449743855805 -0.597906951145643
0.382878109951653 -1.47620226024063 1.2235926676009 0.470833386857688
-0.244208086318542 0.299123156905962 -0.0892449743855805 -0.597906951145643
-0.244208086318542 0.299123156905962 -0.0892449743855805 -0.597906951145643
-0.244208086318542 0.299123156905962 -0.0892449743855805 -0.597906951145643
-0.849039364946808 1.19630255256271 -1.04898907529109 -0.992811889898976
0.37747714383742 -1.48466361918724 1.21745188299441 0.459240597211392
0.760255285710621 -2.56843970066053 0.932277421465301 0.916272793373155
0.610143708599175 -1.96934004649993 1.41405665666183 1.00691494717972
-0.244208086318542 0.299123156905962 -0.0892449743855805 -0.597906951145643
-0.244208086318542 0.299123156905962 -0.0892449743855805 -0.597906951145643
0.610143708599175 -1.96934004649993 1.41405665666183 1.00691494717972
-0.244208086318542 0.299123156905962 -0.0892449743855805 -0.597906951145643
0.610143708599175 -1.96934004649993 1.41405665666183 1.00691494717972
-0.801895052336577 1.09084351335434 -1.03698461596214 -0.841928043472219
0.443997476649819 -3.07324905467228 0.49760297961901 1.48384274429791
-0.244208086318542 0.299123156905962 -0.0892449743855805 -0.597906951145643
-0.00909483121447295 0.261028113787734 0.181195447939696 -0.435195616825981
-0.244208086318542 0.299123156905962 -0.0892449743855805 -0.597906951145643
-0.244208086318542 0.299123156905962 -0.0892449743855805 -0.597906951145643
-0.244208086318542 0.299123156905962 -0.0892449743855805 -0.597906951145643
-0.244208086318542 0.299123156905962 -0.0892449743855805 -0.597906951145643
-0.351861111111856 1.3117313490246 -0.735591138557275 -0.553143445425101
0.273056070255471 -1.27027686651726 1.01193360102346 0.295639010570734
0.339101338531311 0.34154129444581 -0.61023210163887 1.01372089644667
0.610143708599175 -1.96934004649993 1.41405665666183 1.00691494717972
1.14650638493807 0.617357810452655 1.3151417620329 -0.534445657826627
0.277933926249852 -1.25775611689268 0.979163852941714 0.364459510904895
-0.280023876420157 0.332276249608985 -0.173524845350414 -0.561332940967073
-0.564174082014867 -0.365796335167902 -0.444301240835947 -0.584593525049392
-0.280023876420157 0.332276249608985 -0.173524845350414 -0.561332940967073
-0.280023876420157 0.332276249608985 -0.173524845350414 -0.561332940967073
-0.280023876420157 0.332276249608985 -0.173524845350414 -0.561332940967073
-0.280023876420157 0.332276249608985 -0.173524845350414 -0.561332940967073
0.653933547435395 -1.98881837426227 1.45990686619637 1.0590268137388
0.610143708599175 -1.96934004649993 1.41405665666183 1.00691494717972
1.7608676628447 1.6090359378599 0.933036754452222 1.22263944152262
-0.842315210137454 0.636294107027052 -0.870991270616182 -0.540611663063028
-0.297406288759714 0.314508248089873 -0.20937576365724 -0.547425124287925
0.292922863593444 -1.29010088927659 0.976436513330183 0.378262453431241
-0.23313226494306 0.318527000041346 -0.173728111789625 -0.502885012839281
0.292922863593444 -1.29010088927659 0.976436513330183 0.378262453431241
-0.23313226494306 0.318527000041346 -0.173728111789625 -0.502885012839281
0.581739421578305 -1.99976886939288 1.41244518091688 0.96536560819694
-0.23313226494306 0.318527000041346 -0.173728111789625 -0.502885012839281
0.292922863593444 -1.29010088927659 0.976436513330183 0.378262453431241
-0.23313226494306 0.318527000041346 -0.173728111789625 -0.502885012839281
-0.23313226494306 0.318527000041346 -0.173728111789625 -0.502885012839281
0.259610439448046 -1.27649508290074 0.942355383293272 0.338535928555293
-0.503540459548837 1.76002140274044 -0.748322606750943 -1.32926396546828
0.910683258283294 1.39276182194108 0.0422870944315016 0.38330611564803
-0.251629069813599 0.305795697844405 -0.201846268339993 -0.518838600028255
-0.251629069813599 0.305795697844405 -0.201846268339993 -0.518838600028255
-0.251629069813599 0.305795697844405 -0.201846268339993 -0.518838600028255
0.581739421578305 -1.99976886939288 1.41244518091688 0.96536560819694
0.22839969276156 1.12612406791619 -0.508853626082109 -0.561408070744964
-0.251629069813599 0.305795697844405 -0.201846268339993 -0.518838600028255
-0.251629069813599 0.305795697844405 -0.201846268339993 -0.518838600028255
0.216934449375526 -2.03406679811633 1.06313885298891 0.832844294664457
-0.251629069813599 0.305795697844405 -0.201846268339993 -0.518838600028255
-0.0288958174840311 -1.32538992394304 0.628474590374095 0.281053297933642
0.836033513049674 2.16036483538961 0.740249152677563 -0.897995494099356
-0.251629069813599 0.305795697844405 -0.201846268339993 -0.518838600028255
-0.0162347685572603 0.26767534561734 0.0686371277518083 -0.355711541374026
0.216934449375526 -2.03406679811633 1.06313885298891 0.832844294664457
-0.251629069813599 0.305795697844405 -0.201846268339993 -0.518838600028255
0.216934449375526 -2.03406679811633 1.06313885298891 0.832844294664457
-0.251629069813599 0.305795697844405 -0.201846268339993 -0.518838600028255
-0.251629069813599 0.305795697844405 -0.201846268339993 -0.518838600028255
-0.251629069813599 0.305795697844405 -0.201846268339993 -0.518838600028255
0.000946958316280174 -1.33038725708598 0.68953244335207 0.267683573081894
0.221178759927045 -1.93730657094518 1.03152717217737 0.798246551470755
0.00424493097580745 -1.25704736755048 0.665711394036514 0.241444563624603
