4.05216546728403
3.87221864276744
-0.564750520516589
0.197142055573117
0.580836369541639
-0.34095388387624
4.15742088349401
4.11892351926803
1.30962274252337
-0.437047531203011
4.11892351926803
-0.679992015073416
-0.215239810893954
4.01124452659109
-0.938334926903888
-0.679992015073416
-0.624116996155408
-3.68661961080528
-0.374919832982916
1.42039172787902
-3.47941396501106
2.70951485446617
-3.73178928292199
-2.9473688549074
-3.31136747680766
-0.472381102343322
-2.10168391456134
2.50723163370201
1.25581959229752
-1.31454309762536
-4.01658221883382
0.486751853197523
1.50712783557324
-0.0582775532865151
-0.472381102343322
-2.80336533559863
-3.30068429155769
2.60390476375365
0.564825342657407
2.39370335999551
-3.28733912714759
1.50712783557324
2.13181555305471
-2.10168391456134
-2.14867547362748
-0.927038897497286
2.62863160597304
1.42039172787902
2.19095264770251
-2.80454206718571
1.39789956794713
-3.38185562136376
-2.74396141108473
2.553832632407
-1.41654456414338
-1.33658870844827
0.761463247358578
-3.85151794537814
2.52762189463014
-2.3836779344416
2.50302126159046
-1.33658870844827
-0.0582775532865151
-3.31136747680766
-3.85151794537814
2.52762189463014
3.63495010966431
1.50712783557324
-3.85900643021522
1.50712783557324
1.50712783557324
2.52762189463014
-2.28026003424124
-2.74396141108473
-1.17670664310078
1.50712783557324
-0.145216155517935
-2.28026003424124
-3.85151794537814
2.4167912712262
2.41653973755121
-1.37232263167073
2.52762189463014
1.50712783557324
1.50712783557324
0.346608122605245
-3.85151794537814
1.50712783557324
1.50712783557324
-2.10168391456134
-3.82659642227984
-3.85151794537814
-2.28026003424124
2.52762189463014
2.52762189463014
2.43664873644243
-3.85151794537814
2.01264437351905
2.57861731800911
-3.85151794537814
-1.29403898563621
-1.41654456414338
-3.31136747680766
1.50712783557324
0.0535404697676931
-2.10168391456134
-3.4356278818873
2.52762189463014
2.52762189463014
1.50712783557324
-3.1494882632235
-1.25884716008433
2.3316826485638
2.59025431359336
1.50712783557324
-3.59704330667292
-1.33658870844827
-1.33658870844827
1.33324053248109
3.37506816332404
-3.31136747680766
1.78518958987288
-2.20212146149658
-3.47538215674301
0.122496891211416
-0.0699455048596129
2.88373196117136
-2.20212146149658
-1.52738780337696
0.398500748639186
-1.56675414862315
-1.69393353218533
-0.788545865130258
2.88373196117136
-0.151493618203738
-1.78646164498592
2.57162393543888
1.34528988045209
-0.129769167101417
-2.22749868703776
-2.62152276990299
0.398500748639186
-3.00778986564528
-2.08801815766993
-1.56675414862315
-1.56675414862315
-0.966741118122816
-0.788545865130258
-1.83354876882367
-1.66710025433205
-2.62159273044713
1.38464049587596
-2.62159273044713
-0.129769167101417
-1.56675414862315
-0.266373914176554
-0.129769167101417
1.66293066378226
-1.83730639947962
-1.42319268475272
-2.05159088376663
-1.39407542943784
-1.68607059569206
2.61728797093559
0.0277655419121108
-0.454949451717685
-0.516123369774702
1.09521237368789
0.684564172492273
3.23021018143594
-0.550037843396713
-0.350113954097573
3.29519361611918
2.94606587811647
4.60800033447616
4.60800033447616
-1.89647283162367
4.74600953516759
4.53526765870703
4.53526765870703
1.10608219858981
-3.43240214029922
4.61567210098543
4.64971466312122
4.80802559023967
-3.52396458836363
2.75691497980804
-3.17463398531999
-1.64614591853637
-2.49110332326907
-0.972856314217867
-3.52396458836363
-2.80757975321907
-3.47047877195794
-3.47449680194361
2.39442215964554
-0.0736571618504845
1.20928765142306
4.3820768380755
-3.47047877195794
-0.120834895784405
-1.02325177650986
4.24080917119368
-3.37355593325162
-1.49989019056469
-1.83847457932251
4.57793738332173
1.68914113096435
1.14410108050188
-1.54104526391873
-2.61281159134752
-3.3778827898892
-2.99434240601573
-2.83456147121414
-2.85261179482099
4.54724545460256
-1.9315405403307
-1.68828590826139
-2.36346993755935
2.65912546504267
-2.74588337983961
-1.77639789743193
-1.86153222023924
4.54518561037717
-3.01516175266642
4.40991659294941
2.44787227245075
-1.8599492654108
-2.60214604841042
-1.32772162879051
-2.01973088183424
0.422099736103548
0.691328036008923
-3.41165425371585
-0.647509340789959
2.62657860252596
-2.37380523157189
-2.97599649059346
0.289809856615585
-0.945247892022045
-0.945247892022045
2.69519361380137
-3.36395230692016
-3.02339430129049
-1.94542571391322
1.09235472022129
-3.38896510626888
-0.837079091306825
-1.88008431415721
-2.669874676283
-3.46132239063084
1.18374273566461
0.441272484293174
-0.214841121379423
-1.8893629069832
-2.68326288812968
-1.02325177650986
-1.9365642036927
-1.54849903136551
-3.35182855072356
-3.35182855072356
4.56846849760931
-3.31524136707173
-2.82465994832342
4.44581701308684
-0.865481040706563
1.90702125379872
-2.55399316033578
-0.727830412637144
-1.02325177650986
-1.92201882610227
-2.11129912978788
-3.41165425371585
-0.848125999089139
-0.120834895784405
-3.21203117747321
-1.79169123055314
-0.52636024007199
-1.83624884293582
1.03349615404807
-2.74588337983961
-1.28265627991525
1.59289704594806
-3.26210207519085
-3.41397897075947
-3.37666756109378
-0.140960556792045
-0.273107375096207
-1.16968104005066
-1.86141421052104
4.99493221865397
-3.35522298585628
-2.82805689996031
-1.77851286197321
-1.82651462058913
3.26364573778266
-1.82956898116097
-0.0960506473892735
-3.33221549036164
-2.07684367158404
4.49487548420847
-1.11620115616584
-1.11620115616584
0.203846860248202
-1.02325177650986
-1.89753285099044
-1.20165834919989
-1.91250183349484
-2.86603225513731
-3.31781532861065
-2.66304322981231
-1.02325177650986
0.923416550607135
2.52324097816003
-3.98728873877169
-4.18122759455767
0.994974869100419
3.3299445559714
2.85331025035523
-2.5676835230061
1.99742021310786
-3.18610201814127
1.92401093711274
-1.43135699128065
2.60945315946667
-3.22199025596604
-1.8907169865916
-0.074014655801283
-2.08330480589262
0.0722866424269497
-3.10848755033773
-3.22695102539951
-1.95041937106857
-2.85586312999346
2.56458261115836
-0.749882987206487
-3.0919787627117
0.418869269578609
-2.40350964648411
-1.53052969971315
-1.89714719796144
-0.656123217074686
-1.43667408344281
-2.31241641486262
-1.45148316815528
-2.58363437176307
2.57815287100067
-1.96397900342046
1.11491180854793
1.7685535791091
-2.28222070281173
-2.47028803788721
-2.47028803788721
-2.79464912474667
1.1473032868438
2.6949861818019
-0.269504349622543
-1.59926669649184
-2.19124339515883
1.04216083194772
-2.29617160042414
0.0377740566731758
1.35229555249704
-2.23910289120382
0.975507477724253
-2.29617160042414
0.492418801054663
1.54113135401817
0.799095836440227
-2.42094906677575
1.03130626483185
0.7941223764464
-2.41992157184386
-1.47691952485913
-1.47691952485913
0.782051826485707
0.782051826485707
0.731817407503238
-1.60085383150026
1.36708714282119
-1.35658657517426
1.12185427585223
-2.16000722974438
-0.601856810922976
-2.02413585987535
0.35617509714123
-2.0390651060544
0.168944766422359
0.551873686384767
0.575728803941865
0.575728803941865
0.597107803608438
-2.69104074480347
-2.69104074480347
0.649587536926562
-1.54439459495521
0.476456107160188
-2.48841926788957
0.476456107160188
-2.50678207482121
1.55764426374364
-0.414508980412287
0.714725982156713
-2.50678207482121
-2.38188805508659
-0.772075792360482
-2.16000722974438
1.52220707656079
-1.29778674823525
0.476456107160188
-1.65508146069181
-2.9938156847537
1.18963229041828
-0.282473466481963
-1.50263021955491
0.597107803608438
-2.54948017572158
-2.69104074480347
0.476456107160188
-2.70944972463597
-2.69104074480347
-0.154495865913328
-1.40005789591639
-2.50678207482121
-0.201251426954822
-0.164543379720758
-1.54439459495521
-2.16000722974438
-2.69104074480347
0.476456107160188
-0.201251426954822
1.12185427585223
0.649587536926562
-0.201251426954822
0.471223904377597
0.799095836440227
0.714725982156713
-2.50678207482121
-2.44882763843768
-2.50678207482121
0.471223904377597
-1.70501911958773
0.50405837045647
0.471223904377597
0.46555438563801
0.578122091358862
-1.70501911958773
-0.201251426954822
-2.70944972463597
0.471223904377597
0.46555438563801
-2.05600281846812
0.471223904377597
-2.44882763843768
0.578122091358862
-0.39685176558105
0.471223904377597
-0.0569687240370925
0.471223904377597
0.471223904377597
0.471223904377597
0.471223904377597
1.46604029865101
-1.69354759804031
1.61244078533564
-2.50678207482121
0.336788528986873
-1.74795009371388
0.471223904377597
-0.334503958407316
0.476456107160188
0.567868200615369
0.536018773353817
0.46555438563801
-2.56941199730148
-2.50678207482121
1.50735421531137
0.632766622210132
0.471223904377597
-1.71421493367124
0.46555438563801
-1.74795009371388
0.46555438563801
-2.50678207482121
0.471223904377597
-1.68331811249705
0.471223904377597
0.437314764051216
-1.69354759804031
1.48192269167195
0.432398552386643
0.471223904377597
0.46555438563801
0.583266962984162
-2.44882763843768
-0.28456257197438
0.471223904377597
0.471223904377597
-2.5939490388082
0.471223904377597
-1.9064380863507
0.38242807323946
0.471223904377597
-0.0569687240370925
-2.09159360843006
0.269665854283016
-2.38992375158749
0.583266962984162
0.583266962984162
0.627804651563314
-2.12766296576459
-2.67220324336947
-2.19126982686038
